4.783581153205274106e-01
4.701664671499271031e-01
1.719645007168851603e+00
1.298257783076409044e+00
5.275396513446876101e-01
2.378984484499961916e+00
1.494803395740958329e+00
2.670797898748164645e+00
8.381469554764338081e-01
6.165485088802368230e-01
9.406243246610787034e-01
9.047978120734389007e-01
1.357345057999771676e+00
9.931356220243706678e-01
1.432929061511399871e+00
1.414425628308694449e+00
1.446045307293699400e+00
7.883005554157153094e-01
7.081801254010375857e-01
1.496318155220188517e+00
1.519905178273110113e+00
5.325047621459787495e-01
1.078460783640730503e+00
1.758015066426408479e+00
1.546730690467735148e+00
1.805794160140154148e+00
3.106706750353551150e-01
8.677117292265423831e-01
1.216215298587802085e+00
6.987112728275314266e-01
1.430674038211449339e+00
1.334586086440269437e+00
5.479191862628390863e-01
1.381745967876052639e+00
1.001511341415832534e+00
6.702026918137999889e-01
1.811212887453047315e+00
1.342912540957037271e+00
1.835453494275040009e+00
5.279982153007775070e-01
4.761974634285067731e-01
2.120156056669607825e+00
5.587543398592895727e-01
7.867910550691288307e-01
9.552114625131061798e-01
1.504741692403506192e+00
1.970564508206122056e+00
9.018454371630184596e-01
1.197223324062101302e+00
7.922737361879189644e-01
1.415016140703656999e+00
2.566727150512363664e+00
7.878667405579534710e-01
7.116436404945160055e-01
2.023260256169813864e+00
1.678915623281871827e+00
9.680567172164524781e-01
8.109724984292978611e-01
2.071382255171486442e+00
8.240230464781512776e-01
1.568386926485066724e+00
2.216256269752684638e+00
9.597444198878177790e-01
9.818488175438984111e-01
7.708629188541739063e-01
1.813584954650830916e+00
1.276483841514122641e+00
5.263469233415292159e-01
1.803092794246481168e+00
1.167436826539393735e+00
2.302283084167706217e+00
1.862972749268514416e-01
1.009603220687027569e+00
5.297055569149533572e-01
1.909255244762455783e+00
6.776954944182997931e-01
1.731894729208810491e+00
1.408824928895098694e+00
1.716480202944069333e+00
5.401274275116656476e-01
1.014906109546018564e+00
1.235139554505499726e+00
2.101049508004328548e+00
1.131001424872320582e+00
5.258572420950748949e-01
1.146161250188475700e+00
1.337057838160136125e+00
7.239067123708780027e-01
8.778573431267627791e-01
7.558970392436504815e-01
1.141710382635956700e+00
1.096126958427106335e-01
1.522486095863700983e+00
1.230628565969834165e+00
9.711965773507971189e-01
7.383191415813178393e-01
1.307605898526239097e+00
1.334915079431910900e+00
9.310521894364253148e-01
7.420698716084260793e-01
1.051748203812229887e+00
1.369864528831556294e+00
7.129779546989936101e-01
9.180733513327701267e-01
7.402142019157916808e-01
5.562898717621211908e-01
1.135105044042973743e+00
1.366872752000487079e+00
7.868000373713415208e-01
7.304316636517992345e-01
6.865224539676475501e-01
1.629293177872320530e+00
1.871997782104239949e+00
8.571639482168327273e-01
1.831079422916872979e+00
1.170297601766647988e+00
8.176983559087084297e-01
1.670423815959018343e+00
1.542242973922911764e+00
1.066471908770713073e+00
1.825366486222561369e+00
8.954675472533903946e-01
1.049305734088272768e+00
1.361666188933175370e+00
9.199312588292232196e-01
8.713581135434014246e-01
1.603628046220616721e+00
9.119570416671735069e-01
1.477932555587247787e+00
4.109062419880085693e-01
1.736329291502654470e+00
1.035735214508309632e+00
2.415133700860201404e+00
1.188383661181813711e+00
2.319389411116257182e+00
1.181544490678962500e+00
8.237736446803489709e-01
5.474969535030332901e-01
1.288471878822132544e+00
7.653077335684189686e-01
1.578412641756219426e+00
1.450412964872296095e+00
1.026296469542886669e+00
1.105649162392346341e+00
9.860645057511785438e-01
3.311812088359396000e-01
1.115705135716309471e+00
1.033112177145972366e+00
2.125416765864243551e+00
1.367720238489515072e+00
1.104389480561724923e+00
9.920349506968925146e-01
9.160751623398251109e-01
7.119568589560493210e-01
2.021023823246368423e+00
1.814881673381041338e+00
1.819874511383758886e+00
2.438748825208174598e-01
3.268307673331219965e-01
7.278907619858573375e-01
5.386673165309965317e-01
4.996960847423586594e-01
4.917928071605706664e-01
1.331134423219863194e+00
9.910080829723290075e-01
6.113119917517220170e-01
4.072695721729675533e-01
8.040735424858881375e-01
1.556685695541657477e+00
9.984935551632745376e-01
1.349281339361454224e+00
9.398337957428067879e-01
2.022329650930565492e+00
1.151437660387188977e+00
1.119434624873907547e+00
1.813802134764418206e+00
2.230199218974188824e+00
1.789080775408025570e+00
1.450918432053856622e+00
1.145689579409992831e+00
1.500441754836653763e+00
6.953206535039497815e-01
8.918410766400725054e-01
1.004944661448397891e+00
8.537442340081358161e-01
1.266012765385936767e+00
1.302648582470635974e+00
8.847191419556935665e-01
1.394003910908239385e+00
1.216536168051771671e+00
5.181346472347908572e-01
1.967247389021690607e+00
1.312017996136192188e+00
2.849079783070246341e-01
6.181086706237820527e-01
1.712981388119283244e+00
1.529792565900687018e+00
1.136039508747902493e+00
3.399119918616431146e-01
5.744170797271801465e-01
1.806960540492726475e+00
9.182183184129332210e-01
2.215679506130237453e+00
7.310592084075169250e-01
1.498325786914441959e+00
1.950958091428844243e+00
1.691612303180934918e+00
1.715204109954671763e+00
1.597364973648161879e+00
1.899083442237909036e+00
5.628485025101295225e-01
2.046847914046548311e+00
8.808962374287622188e-01
1.355499279040671246e+00
1.258824719958161031e+00
1.400320078069665186e+00
7.051678207475667870e-01
3.335079552597567942e-01
6.698505642908356705e-01
1.406024137096838489e+00
3.562678114075077396e-01
5.425557191084852127e-01
1.317388453548839378e+00
8.265980552800271663e-01
1.926897313908141562e+00
2.011993888409723041e+00
1.055517383311592061e+00
2.630431542757241115e-01
1.635633990541973226e+00
1.526737644010156547e+00
7.462349723761635412e-01
9.479980356505608441e-01
1.236507313359393123e+00
4.409936747374865185e-01
1.314670464414658291e+00
7.390592003734558491e-01
2.323777083731177751e+00
1.481033639889267395e+00
7.671818499293040494e-01
1.298378336837630931e+00
1.535816200984558622e+00
5.504520276342806939e-01
1.940937780491740483e+00
2.611368367158767967e+00
1.522004660416649502e+00
1.101107388496231687e+00
1.162646985574600444e+00
7.146667563036069870e-01
1.979153166609420644e+00
1.256181678175374739e+00
1.109875457068392191e+00
6.216021598443116636e-01
7.682648930971359702e-01
2.340622346960664846e+00
1.759912505257909432e+00
2.546230675702012114e+00
7.836465670576256981e-01
1.041804057495901104e+00
1.565097241585509114e+00
1.360505887461467500e+00
1.084223307735352915e+00
2.334731288546268768e+00
1.035444262595486054e+00
1.218199928193504977e+00
1.191935865754192525e+00
1.329498033079641761e+00
1.545884737814571253e+00
1.002268409445946862e+00
4.089239291282885658e-01
7.986680458913060221e-01
9.436246883010331876e-01
1.398262048905796195e+00
1.349077449989544819e+00
8.133387519569394986e-01
3.661074606843544577e-01
1.883797671661588402e-01
9.042575331979726405e-01
6.593373974454738162e-01
1.108982514377330419e+00
9.626860328755854068e-01
6.738237952701205957e-01
1.622607935091749720e+00
1.683090315931812908e+00
5.574847405380677356e-01
1.974545498824298528e+00
1.330080543466855891e+00
1.288156738452185923e+00
1.436809846962071813e+00
1.010831589909550576e+00
1.809499589735355185e+00
1.049452532187274967e+00
4.978069385783118195e-01
9.662472102241407290e-01
3.004704178896508981e-01
1.442268290770244876e+00
1.717512529594373172e+00
1.668815323005782281e+00
1.319809300597917012e+00
1.012874322134417859e+00
2.492667656119631481e+00
1.923357203507121138e+00
1.351679183851096866e+00
1.006663177422133515e+00
8.481667961053859228e-01
9.266037518666216943e-01
1.644306442076038044e+00
8.386906596288111748e-01
1.080301059384638496e+00
6.756547300764855768e-01
7.223460185166474812e-01
9.100408355873617072e-01
1.031017613529743304e+00
1.451800278759732388e+00
1.524835465925019840e+00
1.279255252612024218e+00
9.486030037770160073e-01
1.196368708562746574e+00
2.330210838008117957e-01
9.573618096559037838e-01
3.113760268748422821e-01
1.571173460983642967e+00
2.139486452856466769e+00
1.128436837557450056e+00
1.152782070958342731e+00
1.755470642083243993e+00
6.172581570935173900e-01
6.624992207536685163e-01
1.803218333482032643e+00
4.102738035540153816e-01
1.340528158903351974e+00
4.781244987698680671e-01
1.261214027767126877e+00
1.264796430971528940e+00
2.129049696219787791e+00
1.749412664564255371e+00
1.707558961487876337e+00
1.574623547881881080e+00
7.401455441578157490e-01
9.844887753812319175e-01
7.194605303262366913e-01
9.490919394410758381e-01
1.083764796975120515e+00
9.224606166528577234e-01
9.343975009560059330e-01
8.308443947063594015e-01
1.478663834243715947e+00
6.465647397991314271e-01
1.284326685797568590e+00
6.377483641470940157e-01
1.749313524043819346e+00
1.156808139092387666e+00
1.057585715759612466e+00
5.760854915687331212e-01
2.372612120665380075e+00
1.613066086609015848e+00
1.200954839455997458e+00
1.087828488134643834e+00
1.425364555059001503e+00
9.835754008671838688e-01
1.248539692630011411e+00
1.392060994092025217e+00
3.470368003919020450e-01
1.225712433563161285e+00
1.405114266439272841e+00
1.258768522612562446e+00
8.645234027732346949e-01
6.123409034781249760e-01
1.619590816759696184e+00
1.588234620671888697e+00
1.408330213248546459e+00
7.338313705098219453e-01
1.571511297794589979e+00
8.656366298145360405e-01
1.192808721713128906e+00
2.202717505071598580e+00
1.282957693755810258e+00
2.030784489830957273e+00
9.330832638805955925e-01
1.121274531233991123e+00
1.496139229393124603e+00
1.417831107848150030e+00
1.324405786118256767e+00
1.697046660661891027e+00
4.929050010020808448e-01
7.174840117331217071e-01
6.639576505513751226e-01
1.723291506001035422e+00
8.224602662184953283e-01
1.622800046663180673e+00
1.615411129974340332e+00
2.651145720355103208e+00
1.237693614074844461e+00
1.398539451385864441e+00
8.285700218717555465e-01
7.259704596244809238e-01
7.968441890056997545e-01
9.070697067020486726e-01
1.592165686088340637e+00
7.718362151258599813e-01
1.491187368044615935e+00
9.964477237039112145e-01
1.630922829242787531e+00
1.089017021559991694e+00
1.571642518990693960e+00
1.402887422469931034e+00
1.707239125722889161e+00
1.336150098949338227e+00
1.217406237458341201e+00
2.684960329992028272e-01
2.765160983740950762e-01
2.354305989782469410e+00
9.100545776090879224e-01
6.220930147998976478e-01
1.724172708055995873e+00
1.814736215929556806e+00
6.574177053264154136e-01
1.546960807089711620e+00
1.448327866628351890e+00
1.237557950142697649e+00
6.965533547471064457e-01
1.130276153078717316e+00
9.129210868184244321e-01
1.428745271597950950e+00
1.304292599825617183e+00
1.022874579877132595e+00
1.669297742519355587e+00
8.833383137521703121e-01
1.569320363347841196e+00
1.174631079534852462e+00
7.991418348511785119e-01
1.688447474922739389e+00
7.353599647918849236e-01
8.786453973925094640e-01
9.923161656014495291e-01
1.631040286323775623e+00
1.022605185237787762e+00
9.781398840043490361e-01
1.566952270553707560e+00
3.932925372170997247e-01
9.887763609087570904e-01
4.430458753060905197e-01
2.756505173487011628e+00
1.131129526767228777e+00
2.173632922435847270e+00
1.711906115597270572e+00
1.293866429310214672e+00
1.316171842920361046e+00
1.658315748726884475e+00
2.818992341650838451e+00
1.898674523869611441e+00
8.657494533605945009e-01
1.298928126556897933e+00
1.064384658948088758e+00
1.543430769157056570e+00
8.957687201391423271e-01
1.412949064743231231e+00
1.689789914822229511e+00
7.628652860530484858e-01
9.050505613762883650e-01
1.055437831077291611e+00
1.025822830178203304e+00
6.328955145973765850e-01
1.612007981600553919e+00
4.735173527617727030e-01
6.632504523292503951e-01
1.165642868487011485e+00
1.671510914916183754e+00
2.967832549502479100e+00
9.519996060976912977e-01
1.266159260807182774e+00
2.201620917914822506e+00
1.367187815062011369e+00
1.207753061798171768e+00
4.041979260536969210e-01
1.727581122691649096e+00
1.271374283910167158e+00
1.347307816457019580e+00
9.966835965394356123e-01
1.045040521767435227e+00
8.031595332753003191e-01
6.505233113932550326e-01
2.006723967071776027e+00
6.414798193589800190e-01
5.030978580515013121e-01
7.854139106264812487e-01
7.919631381493111855e-01
1.528686433260000976e+00
1.775601084702169041e+00
1.410528290206942037e+00
7.841370183144591444e-01
1.588279494989121687e+00
2.021325501761725096e+00
8.007322070215039389e-01
1.322966385511888943e+00
2.442577523357433389e+00
1.034052524676346341e+00
1.461432158257612635e+00
1.701178159641207221e+00
6.902937668473071442e-01
2.003426097514337201e+00
